0   -0.857772    1.98342  -18.1827  3.82556 
1   -0.763161    0.893726  -17.4251  0.479137 
2   -0.859035    0.187885  -14.9863  -2.07311 
3   -0.768998    1.33012  -17.4706  -0.334985 
4   -0.865013    3.48129  -18.2974  1.94238 
5   -0.818095    1.83522  -19.1491  -0.308882 
6   -0.844284    2.3147  -16.575  -0.486062 
7   -0.858409    2.14983  -18.7586  0.399071 
8   -0.849877    2.14301  -19.075  -1.703 
9   -0.821315    1.63764  -17.6923  -0.481082 
10   -0.862419    3.04364  -16.395  -0.461082 
11   -0.856353    2.93372  -17.9538  0.262127 
12   -0.854982    1.65808  -18.2198  -0.576605 
13   -0.855473    1.087  -18.0024  0.677113 
14   -0.853179    1.31258  -17.5732  -0.480709 
15   -0.86416    1.09212  -18.6508  -0.738482 
16   -0.857363    1.85791  -18.2444  -0.207279 
17   -0.852948    2.56335  -17.8387  0.402218 
18   -0.857755    1.80302  -18.0544  -0.0589995 
19   -0.852876    1.22795  -17.8498  0.62276 
20   -0.858381    1.41045  -17.8056  -0.179113 
21   -0.863337    1.84178  -17.651  0.403485 
22   -0.857291    2.13227  -17.4056  -0.144623 
23   -0.858149    1.81466  -17.2822  0.349695 
24   -0.861568    2.26224  -16.9929  0.43884 
25   -0.861819    1.86613  -16.8095  0.224431 
26   -0.860124    1.61084  -17.0218  -0.13091 
27   -0.863297    1.51664  -17.4971  -0.0895331 
28   -0.864812    1.79242  -17.8627  0.0740996 
29   -0.85757    1.51056  -17.5632  -0.075719 
30   -0.865171    1.47358  -17.8433  0.198845 
31   -0.861154    1.26053  -17.932  -0.0702566 
32   -0.860672    1.54459  -17.7874  -0.0555146 
33   -0.861515    1.29963  -17.7347  0.0847435 
34   -0.864056    1.49497  -17.7515  -0.0836438 
35   -0.863246    1.41015  -17.5927  0.0636721 
36   -0.865559    1.26033  -17.5932  -0.0825322 
37   -0.865977    1.43688  -17.6552  -0.104487 
38   -0.865039    1.49527  -17.7573  0.042645 
39   -0.863242    1.4945  -17.6829  -0.109713 
40   -0.864696    1.6345  -17.5909  -0.0835744 
41   -0.863083    1.66548  -17.6679  0.0642686 
42   -0.861934    1.58379  -17.6419  0.210556 
43   -0.863989    1.66363  -17.7611  0.158573 
44   -0.861506    1.70341  -17.6476  0.0923119 
45   -0.861945    1.58483  -17.6759  0.112728 
46   -0.862998    1.69133  -17.6688  0.081364 
47   -0.861817    1.63691  -17.6627  0.165187 
48   -0.863284    1.599  -17.6379  0.0873065 
49   -0.863372    1.6762  -17.6483  0.0420082 
50   -0.861527    1.65406  -17.604  0.106227 
51   -0.863284    1.63475  -17.6397  0.0455513 
52   -0.862638    1.57004  -17.6135  0.0241707 
53   -0.863434    1.61827  -17.6306  -0.0170419 
54   -0.863394    1.62564  -17.6851  -0.0529528 
55   -0.862462    1.5826  -17.6487  -0.035087 
56   -0.863717    1.59912  -17.6947  -0.0141022 
57   -0.862508    1.58396  -17.6519  -0.0292544 
58   -0.863634    1.61189  -17.6847  -0.0309246 
59   -0.862776    1.58778  -17.6545  -0.0274306 
60   -0.86357    1.61729  -17.6731  -0.0284252 
61   -0.862927    1.5986  -17.6482  -0.0241825 
62   -0.863509    1.62513  -17.6551  -0.0172761 
63   -0.863025    1.60635  -17.6394  -0.0241756 
64   -0.86352    1.62501  -17.6485  -0.0145165 
65   -0.863089    1.60944  -17.6389  -0.0239759 
66   -0.863504    1.62395  -17.6463  -0.0151452 
67   -0.863153    1.61141  -17.6391  -0.0234144 
68   -0.863486    1.62309  -17.645  -0.0160996 
69   -0.863202    1.61294  -17.6393  -0.0229432 
70   -0.86347    1.62235  -17.6441  -0.0169028 
71   -0.86324    1.61413  -17.6395  -0.0225178 
72   -0.863454    1.62173  -17.6434  -0.017569 
73   -0.863268    1.61506  -17.6398  -0.0221452 
74   -0.863441    1.62119  -17.6429  -0.0181065 
75   -0.86329    1.61578  -17.64  -0.0218223 
76   -0.863429    1.62074  -17.6425  -0.0185402 
77   -0.863307    1.61635  -17.6402  -0.0215493 
78   -0.86342    1.62036  -17.6422  -0.0188827 
79   -0.86332    1.6168  -17.6403  -0.0213189 
80   -0.863411    1.62004  -17.642  -0.0191577 
81   -0.863331    1.61716  -17.6405  -0.0211283 
82   -0.863404    1.61424  -17.6389  -0.0230697 
83   -0.863462    1.6167  -17.6404  -0.0211551 
84   -0.86341    1.61992  -17.6414  -0.0218701 
85   -0.863371    1.61722  -17.6399  -0.0222624 
86   -0.863419    1.61755  -17.6406  -0.0195915 
87   -0.86338    1.6162  -17.64  -0.0216245 
88   -0.863423    1.61792  -17.641  -0.0205074 
89   -0.863384    1.61643  -17.6401  -0.0216033 
90   -0.863419    1.61776  -17.6409  -0.0205795 
91   -0.863388    1.61657  -17.6402  -0.021499 
92   -0.863416    1.61765  -17.6408  -0.0206817 
93   -0.863391    1.61669  -17.6402  -0.021422 
94   -0.863414    1.61756  -17.6407  -0.0207569 
95   -0.863393    1.61678  -17.6403  -0.0213573 
